154	93	8
47.6849164623989	1.6213103473414	12.6433973517365	1.86446823009294	3.40992725718933	24.5645117295866	17.0619770014254	6.11380350968776	11.9851937556825	-0.643184623592908
1.6213103473414	18.3512416468046	0.50417749815418	0.0730801010033302	0.130638308587812	0.911665324383037	0.603998791809713	0.20022812522983	0.314363524084213	-0.0371913617553393
12.6433973517365	0.50417749815418	32.3844453716029	0.540213809458591	0.935489587268462	6.22706304552807	3.816724234802	1.08574769656857	0.76868366662964	-0.394808792644998
1.86446823009294	0.0730801010033302	0.540213809458591	38.9312848936616	0.122466471225465	0.754168511453654	0.396666056224561	0.0716362412422236	-0.199637655469504	-0.0777094461093479
3.40992725718933	0.130638308587812	0.935489587268462	0.122466471225465	49.3300015203278	0.98895629255586	0.330219989170078	-0.0794245913504985	-1.10958304548879	-0.188477506963277
24.5645117295866	0.911665324383037	6.22706304552807	0.754168511453654	0.988956292555859	62.7463471926254	-1.47542510609758	-2.62430032793439	-15.2530105085132	-1.80979303137054
17.0619770014254	0.603998791809713	3.816724234802	0.396666056224561	0.330219989170078	-1.47542510609758	64.8621600127424	-3.86057588244999	-17.8034303863876	-1.70591742410859
6.11380350968776	0.20022812522983	1.08574769656857	0.0716362412422237	-0.0794245913504985	-2.62430032793439	-3.86057588244999	77.4868649791097	-10.3762581728686	-0.860141485769987
11.9851937556825	0.314363524084213	0.768683666629642	-0.199637655469505	-1.10958304548879	-15.2530105085132	-17.8034303863876	-10.3762581728686	53.3799544535097	-2.88659485802039
-0.643184623592909	-0.0371913617553393	-0.394808792644998	-0.0777094461093479	-0.188477506963277	-1.80979303137054	-1.70591742410859	-0.860141485769987	-2.88659485802039	153.842783467217
-0.0176664688146922
-0.000796511725441316
-0.00692908205412671
-0.00115528638506329
-0.002430401659659
-0.0206043093945366
-0.0173857888424656
-0.00793436600061541
-0.0237761648675398
0.999138100731214
