829420.736682014
2.43815076696555	0.0902202375681674	0.0406499107483794	0.0390378293233655	0.0208271463659502	0.121035151809099	0.121423713040453	0.088694632452129	0.163469410178274	0.116632504619632	0.121508461457114	0.120380611908476	0.0979479437952187	0.0138913160739094	0.00610867410024899
0.0902202375681674	2.08991821164225	0.0082853854483662	0.0079062990483058	0.00418649298782094	0.0241109106594793	0.0239231776598129	0.0172358532372707	0.0312096120766848	0.0217486999296928	0.0219227181747978	0.020670772711432	0.0154853229334644	0.00185881339041029	0.000477798409662835
0.0406499107483794	0.0082853854483662	2.14654633631122	0.00349401666540157	0.00183351133300944	0.010443837507908	0.0102208131890352	0.00723462122846086	0.0127947912864102	0.0086268513808624	0.00827609947324559	0.00718476869215141	0.00455558130368316	0.000319642612987607	-0.000188052821307659
0.0390378293233655	0.0079062990483058	0.00349401666540157	2.21756515670858	0.00170204837297014	0.00956243506323114	0.00919412214738346	0.00635627153155665	0.0108766218263138	0.00697951789518198	0.00616486525873934	0.00452979068055096	0.00167886002958429	-0.000269613499526731	-0.000629650928984024
0.0208271463659502	0.00418649298782094	0.00183351133300944	0.00170204837297014	2.28658557802202	0.00480924504198815	0.00451627626779801	0.0030209730603303	0.00491983712941007	0.00290674477448149	0.00217306401562326	0.000933323948805938	-0.000791726240310406	-0.000504713843414245	-0.000616982933765124
0.121035151809099	0.0241109106594794	0.010443837507908	0.00956243506323113	0.00480924504198815	2.38306982661758	0.0235575179485293	0.0149971304338755	0.0224872744390113	0.0112450256602914	0.00491395771765353	-0.00483056108638215	-0.0162660926439423	-0.00542779127727105	-0.00552847475087638
0.121423713040453	0.0239231776598129	0.0102208131890352	0.00919412214738346	0.004516276267798	0.0235575179485293	2.44894276828132	0.0119405135901185	0.0151537149870698	0.00442943252157558	-0.00443022035433873	-0.0172875928274008	-0.0304712245504545	-0.00847196322908508	-0.0079035347451924
0.088694632452129	0.0172358532372707	0.00723462122846086	0.00635627153155665	0.0030209730603303	0.0149971304338755	0.0119405135901185	2.5059237112314	0.0043943569509484	-0.00293988661135043	-0.0116721497907872	-0.0238412910085865	-0.0350138130498809	-0.00891638219806767	-0.00789781246529953
0.163469410178274	0.0312096120766848	0.0127947912864102	0.0108766218263138	0.00491983712941006	0.0224872744390113	0.0151537149870697	0.00439435695094835	2.56396746805414	-0.0198144188853353	-0.0411785766768174	-0.0700816801406121	-0.0942690776502109	-0.022792888274795	-0.0195090598404205
0.116632504619632	0.0217486999296929	0.00862685138086241	0.006979517895182	0.00290674477448149	0.0112450256602914	0.00442943252157562	-0.00293988661135039	-0.0198144188853354	2.61531299492973	-0.0476950810082272	-0.0743467310076252	-0.0949527323870844	-0.0221848455022898	-0.0185319886346682
0.121508461457114	0.0219227181747978	0.00827609947324558	0.00616486525873932	0.00217306401562325	0.00491395771765353	-0.00443022035433873	-0.0116721497907872	-0.0411785766768175	-0.0476950810082272	2.63864198139151	-0.111954634259656	-0.13816769189509	-0.0315053335668269	-0.0258434530003125
0.120380611908476	0.020670772711432	0.0071847686921514	0.00452979068055096	0.00093332394880593	-0.00483056108638218	-0.0172875928274008	-0.0238412910085865	-0.0700816801406121	-0.0743467310076252	-0.111954634259656	2.62560001679235	-0.192851535621358	-0.0431818776239893	-0.0349253342556481
0.0979479437952187	0.0154853229334644	0.00455558130368313	0.00167886002958431	-0.000791726240310401	-0.0162660926439423	-0.0304712245504545	-0.0350138130498809	-0.094269077650211	-0.0949527323870844	-0.13816769189509	-0.192851535621358	2.62904720472437	-0.0503579473365838	-0.0402730919035273
0.0138913160739094	0.00185881339041029	0.000319642612987608	-0.000269613499526729	-0.000504713843414248	-0.00542779127727105	-0.00847196322908508	-0.00891638219806766	-0.022792888274795	-0.0221848455022898	-0.0315053335668269	-0.0431818776239892	-0.0503579473365837	2.91757815752369	-0.00871119055175202
0.00610867410024903	0.000477798409662838	-0.000188052821307659	-0.000629650928984025	-0.000616982933765125	-0.00552847475087639	-0.00790353474519242	-0.00789781246529953	-0.0195090598404205	-0.0185319886346682	-0.0258434530003126	-0.0349253342556481	-0.0402730919035273	-0.00871119055175202	2.99314982080427
5.82249164527227
5.4073933712441
8.69941032358007
2.6477902647563
3.18074075481059
1.19214541054191
9.39829470344921
6.45551874972524
4.79463224948888
6.39316961040108
5.44716110526763
6.47311480293128
5.43885933999639
7.21046620579811
5.22495305777102
20.7005922443117
12.9395164421585
19.3596565239048
6.47991957024748
7.55395918335437
4.14447135424006
23.7818536904249
16.49451193034
12.1835653777208
16.0463788944153
12.8425113090932
14.5999266139898
10.8292751210199
19.9631847468175
14.6793805990989
2.23851836564129	0.0696012853295889	0.113878885841969	0.156915322668724	0.0714412195013468	0.124887816316177	0.0553925129700768	0.0759070789287	0.0575925511625498	0.0232361012188421	0.000455493765000705	-0.00198580420625279	-0.0149654004709671	-0.0174427222561382	-0.0184848405849345
0.0696012853295888	2.091527006329	0.0324591371724087	0.0439898065161008	0.0195941305520251	0.0332328877941832	0.0140989412425399	0.0179789110753711	0.01189479195026	0.00330947150014579	-3.77892997589583e-05	-0.00375284822998775	-0.00880668420169784	-0.00815348636317403	-0.00779947476037647
0.113878885841969	0.0324591371724087	2.19441616105943	0.0683612758935077	0.0295430259953727	0.0479274677676143	0.0189211956239477	0.0210394744786239	0.00959915945831298	-0.00155570061497416	-0.000404645196719043	-0.0125131327416843	-0.0233250442849275	-0.0194927883206771	-0.0175919347330798
0.156915322668724	0.0439898065161008	0.0683612758935076	2.3022257326576	0.0363512033544784	0.0548774562237566	0.0188915456603864	0.0144863394198609	-0.0038498871283843	-0.0142127782913566	-0.0011511365746344	-0.0282763610464228	-0.0475773783409664	-0.0375119488642386	-0.0326043863169031
0.0714412195013468	0.0195941305520251	0.0295430259953727	0.0363512033544784	2.29969716810781	0.0184069279780031	0.00436978113758543	-0.0019518294751778	-0.0118159699987589	-0.013583130378296	-0.000873881899602228	-0.0193762608894402	-0.0307584603851738	-0.0233561081454506	-0.0197732604844913
0.124887816316178	0.0332328877941832	0.0479274677676143	0.0548774562237566	0.0184069279780031	2.37385263873725	-0.0023106819307088	-0.0235104272653521	-0.0443187532489343	-0.0404690516812169	-0.00235015478283607	-0.0491622019025113	-0.075161027733173	-0.0555904259665652	-0.0461562352261544
0.0553925129700768	0.0140989412425399	0.0189211956239477	0.0188915456603864	0.0043697811375854	-0.00231068193070878	2.42129283063267	-0.0230604399718656	-0.0345302406498734	-0.0284613608719596	-0.00155936122572356	-0.0314158167574496	-0.0467822544223678	-0.0339344648299197	-0.0277569727504863
0.0759070789286999	0.0179789110753712	0.0210394744786238	0.014486339419861	-0.00195182947517777	-0.0235104272653521	-0.0230604399718655	2.44196467094629	-0.0784413448827048	-0.0609984386255032	-0.00321867073883146	-0.0631610852268981	-0.0922433232250748	-0.0659167091303338	-0.0532807953489621
0.0575925511625499	0.0118947919502601	0.00959915945831301	-0.00384988712838427	-0.0118159699987589	-0.0443187532489343	-0.0345302406498734	-0.0784413448827049	2.47140203255425	-0.0749127419148468	-0.00385021457763145	-0.0740986902501295	-0.106609672060078	-0.0752837547425104	-0.0602679121086177
0.0232361012188422	0.00330947150014581	-0.00155570061497415	-0.0142127782913566	-0.013583130378296	-0.0404690516812169	-0.0284613608719596	-0.0609984386255031	-0.0749127419148469	2.58820998844273	-0.00275454174908555	-0.052224666483667	-0.0742516037506426	-0.0519302239214817	-0.0412412846346833
0.000455493765000707	-3.77892997589575e-05	-0.000404645196719044	-0.0011511365746344	-0.000873881899602227	-0.00235015478283607	-0.00155936122572356	-0.00321867073883145	-0.00385021457763145	-0.00275454174908555	2.71414893136138	-0.00256272666548539	-0.00360862824558465	-0.00250370764520508	-0.00197501472272679
-0.00198580420625273	-0.00375284822998775	-0.0125131327416843	-0.0282763610464227	-0.0193762608894402	-0.0491622019025113	-0.0314158167574496	-0.0631610852268981	-0.0740986902501296	-0.052224666483667	-0.00256272666548539	2.73816079696792	-0.0664277213286232	-0.0457789217011406	-0.0359049658496473
-0.014965400470967	-0.00880668420169783	-0.0233250442849275	-0.0475773783409663	-0.0307584603851737	-0.0751610277331729	-0.0467822544223677	-0.0922433232250748	-0.106609672060078	-0.0742516037506426	-0.00360862824558465	-0.0664277213286231	2.76497254499516	-0.063155255907809	-0.0492879588853838
-0.0174427222561382	-0.00815348636317401	-0.0194927883206771	-0.0375119488642386	-0.0233561081454506	-0.0555904259665652	-0.0339344648299196	-0.0659167091303337	-0.0752837547425103	-0.0519302239214818	-0.00250370764520508	-0.0457789217011406	-0.0631552559078091	2.88551179642638	-0.0334594726155015
-0.0184848405849345	-0.00779947476037649	-0.0175919347330798	-0.0326043863169032	-0.0197732604844913	-0.0461562352261544	-0.0277569727504863	-0.0532807953489621	-0.0602679121086177	-0.0412412846346833	-0.00197501472272679	-0.0359049658496473	-0.0492879588853838	-0.0334594726155015	2.97409933514082
6.96266337082995
0.938200267748656
5.25404403859336
5.30344218392863
8.61139811393332
4.84853333552102
3.93456361215266
6.71431139674026
7.41257943454206
5.20052467390387
3.47712671277525
1.49997253831683
5.86092067231462
2.62145317727807
0.444540922782385
19.4349073143273
3.3799385258516
13.2652213698888
13.9128747282741
20.3201351546656
11.7171993787622
9.16483134117819
15.165610362984
16.4193693891981
11.4737998456554
9.31037771078324
1.56613484897582
12.8091798979681
4.79650873232
-1.03880359737079
2.18678175430842	0.158478801448101	0.0314693467487374	0.146695068208464	0.150672355100841	0.0690583456850593	0.10281921778912	0.0578056519542019	0.0124319963346181	0.0124644429447899	0.0180668401834943	0.0197848511647449	0.00698081574120697	-0.00751585184720599	-0.00875431229855727
0.158478801448101	2.20487117963499	0.0262561788506995	0.121029156391099	0.122578025298434	0.0551750658242664	0.0801866638253116	0.0435750907925562	0.00890258670532489	0.00818476305367307	0.00991986949592659	0.00583975006930327	-0.00724553937231715	-0.0200273926745058	-0.0133552028580166
0.0314693467487374	0.0262561788506996	2.1479657113514	0.0232200021763087	0.0230957737278623	0.0101476134456258	0.0142548728497135	0.00735879738335583	0.00137861390716607	0.00105979794470854	0.000690495158030677	-0.00142939418893856	-0.00455313082451697	-0.00720520053514258	-0.00405380200600967
0.146695068208464	0.121029156391099	0.0232200021763087	2.31793658076019	0.100633912282686	0.0427381681648023	0.0570325352948635	0.0269975325761682	0.00422912383808975	0.00174770664407571	-0.00400413927188236	-0.021280518528977	-0.0388081172766039	-0.0518142125411284	-0.0268116137143805
0.150672355100841	0.122578025298434	0.0230957737278624	0.100633912282686	2.3801542739431	0.0381008630014655	0.0466229216841422	0.0184540375584221	0.00155401585654158	-0.00225827409932492	-0.0132830848711301	-0.0404160838658852	-0.0621849060880568	-0.0763605243283041	-0.037587290766368
0.0690583456850594	0.0551750658242664	0.0101476134456258	0.0427381681648023	0.0381008630014655	2.37123806873695	0.014422043170901	0.0030687140581637	-0.000908706305102788	-0.00339020847871413	-0.0114164466360855	-0.0293073545380858	-0.0414729532013138	-0.0484447758686195	-0.0230662659314028
0.10281921778912	0.0801866638253116	0.0142548728497135	0.0570325352948634	0.0466229216841422	0.014422043170901	2.43650410426784	-0.00593543296400133	-0.00451233338798863	-0.00963798608590298	-0.0273830125144962	-0.0646523749350298	-0.0870303833861579	-0.0983356760730724	-0.0457228668270032
0.0578056519542018	0.0435750907925562	0.00735879738335583	0.0269975325761681	0.0184540375584221	0.0030687140581637	-0.00593543296400143	2.48859837467224	-0.00496246882892999	-0.00894279534273009	-0.0233682296875192	-0.0524840258756668	-0.0683394968138196	-0.0754056675818556	-0.034442721788269
0.0124319963346181	0.0089025867053249	0.00137861390716607	0.00422912383808975	0.00155401585654158	-0.000908706305102789	-0.00451233338798861	-0.00496246882892999	2.5696062742497	-0.00302031537743987	-0.00750763041062543	-0.0163103182454243	-0.0207395377286701	-0.0224803161196087	-0.0101270960343453
0.0124644429447899	0.00818476305367306	0.00105979794470853	0.00174770664407571	-0.00225827409932491	-0.00339020847871413	-0.00963798608590299	-0.00894279534273009	-0.00302031537743988	2.63809520794459	-0.0114496515014457	-0.0242909119315134	-0.0303425157442305	-0.0324372455077271	-0.0144516531416582
0.0180668401834943	0.00991986949592659	0.000690495158030678	-0.00400413927188238	-0.0132830848711301	-0.0114164466360855	-0.0273830125144961	-0.0233682296875192	-0.00750763041062543	-0.0114496515014457	2.68740176408813	-0.056029373083391	-0.0690259781403369	-0.072978679132412	-0.0322206736355491
0.019784851164745	0.00583975006930331	-0.00142939418893855	-0.0212805185289769	-0.0404160838658851	-0.0293073545380858	-0.0646523749350298	-0.0524840258756667	-0.0163103182454242	-0.0242909119315134	-0.056029373083391	2.67054743686903	-0.140318630571823	-0.14701573599321	-0.0644203315484675
0.00698081574120695	-0.00724553937231715	-0.00455313082451695	-0.0388081172766039	-0.0621849060880568	-0.0414729532013138	-0.0870303833861579	-0.0683394968138195	-0.0207395377286701	-0.0303425157442305	-0.0690259781403369	-0.140318630571823	2.68772146464298	-0.176172147254237	-0.0767045453835976
-0.00751585184720603	-0.0200273926745058	-0.00720520053514257	-0.0518142125411285	-0.0763605243283042	-0.0484447758686195	-0.0983356760730725	-0.0754056675818555	-0.0224803161196087	-0.0324372455077271	-0.072978679132412	-0.14701573599321	-0.176172147254237	2.74654645870422	-0.0788198710473129
-0.00875431229855727	-0.0133552028580166	-0.00405380200600967	-0.0268116137143805	-0.037587290766368	-0.0230662659314027	-0.0457228668270032	-0.034442721788269	-0.0101270960343453	-0.0144516531416582	-0.0322206736355491	-0.0644203315484674	-0.0767045453835977	-0.0788198710473128	2.96603134582624
8.2172118496131
4.29921409383266
8.87770954256354
3.91182995461163
7.69114387388296
3.96791517013617
8.08514095887345
7.55077099007084
3.77395544835103
2.16018915961394
7.90407217966913
9.49303911849797
3.27565434075205
6.7126437045174
4.38644982586956
22.5429291319323
13.5954189464508
19.8383530483379
11.8013384662101
19.9685537645788
9.96220683413901
19.5959812866563
18.1281430404216
9.31722609039833
4.96335604890812
19.4354100526825
21.8112412556014
3.23503032107508
12.8279354172847
10.0137605800071
2.1560878616393	0.155182732177744	0.159865600376848	7.66713376546825e-05	0.114143304270944	0.0716745592536473	0.101096960526315	0.0460345803117804	0.0346963239636451	0.0460551629725971	0.00970347272992606	0.0137995613020291	0.0115498338328571	-0.00118535817754801	-0.0143227446009378
0.155182732177744	2.22461483130479	0.156471181081596	7.42717039190739e-05	0.109162780805529	0.0674379705614925	0.0931007909044215	0.0411595754793568	0.0297093872379298	0.036790787890785	0.00680480691586994	0.00688430559976622	-0.00200317050035067	-0.0104982372164969	-0.0290010183233054
0.159865600376848	0.156471181081596	2.30104018304317	7.41280793094898e-05	0.107188763722326	0.064811932988156	0.0868710917032196	0.0367803897750898	0.0247679276175468	0.026925446623434	0.00354279381378743	-0.00124605591427666	-0.0185148376327575	-0.0221839354033077	-0.047883087786683
7.66713376546824e-05	7.42717039190739e-05	7.41280793094898e-05	2.21428574846169	4.83685661387571e-05	2.83949005864149e-05	3.64488801045265e-05	1.43971248872739e-05	8.51092897810285e-06	6.58197845053117e-06	-3.01083348279619e-07	-5.40758048453698e-06	-1.83698490373431e-05	-1.7197723495671e-05	-3.33522568487853e-05
0.114143304270944	0.109162780805529	0.107188763722326	4.83685661387571e-05	2.35217683033111	0.03736608830758	0.0447478328605682	0.015516416979444	0.00652527591568923	-0.00175438816516495	-0.00409808131744506	-0.0168274010336082	-0.0446648963966537	-0.0375701054261899	-0.0686073115999235
0.0716745592536473	0.0674379705614925	0.064811932988156	2.83949005864149e-05	0.0373660883075801	2.37674162828542	0.0206039774092127	0.00508249246493111	-0.000743073033341289	-0.0102019434371015	-0.00544826235538402	-0.017479989858156	-0.0416870506759079	-0.0330180162096973	-0.0580112267629406
0.101096960526315	0.0931007909044214	0.0868710917032197	3.64488801045265e-05	0.0447478328605681	0.0206039774092128	2.44398060870302	-0.001321455459811	-0.00986579049362638	-0.0309673125627183	-0.0129218682684946	-0.0372493913859801	-0.08364748708435	-0.0637434829884666	-0.109022467694038
0.0460345803117803	0.0411595754793568	0.0367803897750898	1.43971248872738e-05	0.015516416979444	0.0050824924649311	-0.00132145545981106	2.4942130446834	-0.00987756068095978	-0.0242252365198987	-0.00908239792556843	-0.0246529060662053	-0.0532641405089071	-0.0395127229806788	-0.0662536932987908
0.0346963239636451	0.0297093872379298	0.0247679276175468	8.51092897810285e-06	0.00652527591568919	-0.000743073033341281	-0.00986579049362642	-0.00987756068095979	2.55825522920223	-0.0290285272024755	-0.010247813782013	-0.0267628219977613	-0.0562882637696563	-0.0409366975591363	-0.0676050637123308
0.0460551629725971	0.036790787890785	0.0269254466234339	6.58197845053112e-06	-0.00175438816516498	-0.0102019434371016	-0.0309673125627183	-0.0242252365198987	-0.0290285272024755	2.58262507785012	-0.0204581830993843	-0.052010003924511	-0.107242208515584	-0.0768164069509508	-0.12533972977968
0.00970347272992603	0.00680480691586993	0.00354279381378742	-3.01083348279615e-07	-0.00409808131744508	-0.00544826235538402	-0.0129218682684946	-0.00908239792556842	-0.010247813782013	-0.0204581830993842	2.70752137295116	-0.0168592501647686	-0.0342381591492405	-0.0242307573883021	-0.0391521884640932
0.013799561302029	0.00688430559976624	-0.00124605591427672	-5.40758048453699e-06	-0.0168274010336083	-0.017479989858156	-0.0372493913859801	-0.0246529060662053	-0.0267628219977613	-0.052010003924511	-0.0168592501647686	2.74432915947067	-0.0830395101005676	-0.0581963369721101	-0.0932760333253817
0.0115498338328571	-0.0020031705003507	-0.0185148376327575	-1.83698490373431e-05	-0.0446648963966538	-0.0416870506759079	-0.0836474870843501	-0.0532641405089071	-0.0562882637696563	-0.107242208515584	-0.0342381591492405	-0.0830395101005676	2.69214452242849	-0.114703269780406	-0.182596609723438
-0.00118535817754798	-0.0104982372164968	-0.0221839354033076	-1.7197723495671e-05	-0.0375701054261899	-0.0330180162096973	-0.0637434829884666	-0.0395127229806788	-0.0409366975591363	-0.0768164069509508	-0.0242307573883021	-0.0581963369721101	-0.114703269780406	2.8493733713978	-0.125345359834283
-0.0143227446009378	-0.0290010183233053	-0.0478830877866829	-3.33522568487853e-05	-0.0686073115999234	-0.0580112267629404	-0.109022467694038	-0.0662536932987907	-0.0676050637123307	-0.12533972977968	-0.0391521884640932	-0.0932760333253817	-0.182596609723438	-0.125345359834283	2.80261053024761
5.34064127370726
0.89950678770581
1.11705744193203
1.36292548938299
6.78652304800188
4.95177019089661
1.8971040601758
4.95005824990221
1.47608221976689
0.549741469061882
8.50712674289007
5.60559527354885
9.29608866756663
6.96667200555228
5.8279096517584
13.6344558240659
4.35964137953685
4.42906175017794
3.01857320259896
15.9401142852543
11.4961205906501
3.54904248023848
11.3985477784643
2.53328312340951
-1.28316070179893
22.1347219357559
13.1361328402131
21.3716435951127
16.643277876342
11.2942884327519
2.00595749296267	0.0380111180857206	0.0188040265189566	0.0283828573158665	0.0059392158427875	0.0127743547642965	0.0112731173453189	0.000405152151908839	0.00456853227924643	0.000797081066377536	-0.000150242612764361	-0.00404668634937617	-0.00259857980229431	-0.00230547876136674	-0.00492437308252308
0.0380111180857206	2.31053367923145	0.116136591098784	0.171044281034801	0.0345734011314728	0.0705563742018143	0.0569422230430005	0.00169713417546284	0.00965066870713665	-0.00784672182185373	-0.00292253582358753	-0.0471716213525197	-0.0257394194785018	-0.0210540813979426	-0.0428261778786548
0.0188040265189566	0.116136591098784	2.19789778847678	0.0783039292961889	0.0150176295874918	0.0280277765601063	0.0187583419527801	0.000281941424535441	-0.00747145477244936	-0.012003750877398	-0.00267918747367733	-0.0367456127858365	-0.0184857008598197	-0.0143998068488979	-0.0283498644732673
0.0283828573158665	0.171044281034801	0.0783039292961889	2.31998398378873	0.0185386804365884	0.0286928518123924	0.00968416538430812	-0.000678315424476284	-0.0355188525574001	-0.0341967845910639	-0.00648563991606184	-0.082010168812672	-0.0392899366347088	-0.0296226137426264	-0.0569728969541636
0.0059392158427875	0.0345734011314728	0.0150176295874918	0.0185386804365885	2.28841076692327	0.00210462621483637	-0.00331030882458723	-0.000458161887617518	-0.0143767505562447	-0.0117616570697193	-0.0020565939581252	-0.0247654728518267	-0.0114836923317938	-0.00845812701703187	-0.0159842860549406
0.0127743547642965	0.0705563742018143	0.0280277765601064	0.0286928518123924	0.00210462621483636	2.34948763836392	-0.0237920626954609	-0.00197331804272998	-0.0526162987521483	-0.0396862946621504	-0.00660851365046102	-0.0770234844598993	-0.0348906204691132	-0.0252508184876218	-0.0470710827305451
0.0112731173453189	0.0569422230430005	0.0187583419527801	0.00968416538430817	-0.00331030882458723	-0.0237920626954608	2.38425945145578	-0.0031229681052158	-0.0767720680348219	-0.0551450701142115	-0.00888773779308337	-0.101195502385187	-0.0450423306981673	-0.032154910851499	-0.0592881162669128
0.000405152151908839	0.00169713417546284	0.000281941424535445	-0.000678315424476279	-0.000458161887617519	-0.00197331804272998	-0.0031229681052158	2.49979707925294	-0.00475056581337938	-0.00330270736041553	-0.000520002272436737	-0.00581767333669081	-0.00255428094533399	-0.00180358548979827	-0.00329579027738443
0.00456853227924643	0.00965066870713656	-0.00747145477244934	-0.0355188525574002	-0.0143767505562447	-0.0526162987521483	-0.0767720680348221	-0.00475056581337938	2.46378563732221	-0.0731073243199172	-0.0113101964820359	-0.124817053924141	-0.0542044414257364	-0.0379319732788786	-0.0687982322160655
0.000797081066377546	-0.00784672182185369	-0.012003750877398	-0.0341967845910639	-0.0117616570697193	-0.0396862946621503	-0.0551450701142115	-0.00330270736041553	-0.0731073243199173	2.59406944062135	-0.00744525046719093	-0.0812689604655127	-0.0349774499516405	-0.0242944859370184	-0.0437851117127823
-0.000150242612764361	-0.00292253582358753	-0.00267918747367732	-0.00648563991606183	-0.0020565939581252	-0.00660851365046103	-0.00888773779308337	-0.000520002272436737	-0.0113101964820359	-0.00744525046719094	2.71316191209453	-0.0121573175350718	-0.0051933812653554	-0.00358440176117663	-0.0064250119901847
-0.00404668634937617	-0.0471716213525198	-0.0367456127858364	-0.0820101688126719	-0.0247654728518267	-0.0770234844598992	-0.101195502385187	-0.00581767333669081	-0.124817053924141	-0.0812689604655127	-0.0121573175350718	2.65517697740442	-0.0554107470093122	-0.0380363637915649	-0.0678591377613096
-0.00259857980229431	-0.0257394194785018	-0.0184857008598197	-0.0392899366347087	-0.0114836923317938	-0.0348906204691132	-0.0450423306981674	-0.00255428094533399	-0.0542044414257364	-0.0349774499516406	-0.0051933812653554	-0.0554107470093122	2.83374953673726	-0.0159826555820401	-0.028396535285231
-0.00230547876136674	-0.0210540813979427	-0.0143998068488979	-0.0296226137426264	-0.00845812701703187	-0.0252508184876218	-0.032154910851499	-0.00180358548979827	-0.0379319732788786	-0.0242944859370184	-0.00358440176117663	-0.038036363791565	-0.0159826555820401	2.91769683383246	-0.0192507079021565
-0.00492437308252308	-0.0428261778786547	-0.0283498644732672	-0.0569728969541635	-0.0159842860549406	-0.047071082730545	-0.0592881162669127	-0.00329579027738443	-0.0687982322160655	-0.0437851117127823	-0.0064250119901847	-0.0678591377613095	-0.028396535285231	-0.0192507079021565	2.96603178153223
7.38640291995402
5.85987035826476
2.46734525985975
6.66416217319468
0.834828136026227
6.25959785171583
6.60944557947342
7.29751855317221
8.90752116325322
9.82303222883606
7.69029085335896
5.81446487875398
9.28313062314188
5.80090365758442
0.169829383372613
15.4229869131081
15.4496517302961
6.39958483337458
15.3947661728765
1.74365047619231
13.4695697736092
13.6148950285637
18.0707347958569
18.6321649334769
22.8831421729115
20.3766518727693
10.5306519308194
23.9981945662763
15.1842367899914
-2.81931758804321
2.02479920015895	0.0630766191949236	0.0668005863860396	0.0404543528944946	0.0184733501914663	0.0780794810305889	0.0061593741721583	0.00715971674597342	0.00858087163380856	0.00883775008724573	0.0284232703185412	0.0220615645556998	0.0016214576519814	0.0221777307532804	0.0120209297068122
0.0630766191949236	2.23117408757222	0.168344043669775	0.101368600578036	0.045981379731681	0.192810483954428	0.0150653812024448	0.0173076541539818	0.0204386379190862	0.0206504532910552	0.06471633636908	0.0484118467981936	0.00336150727945447	0.0416354170325699	0.0181256984529535
0.0668005863860396	0.168344043669775	2.31925266047867	0.105509456166382	0.0474818162776371	0.19720856830378	0.0152290948130618	0.017238931784851	0.0199706141384639	0.0196616999969146	0.0593855609908417	0.0419692969003134	0.00263895185085444	0.0262525328111221	0.00416142389096825
0.0404543528944946	0.101368600578036	0.105509456166382	2.27689699897853	0.0279086201426731	0.114560698092	0.00871690151143122	0.00967978536543458	0.0109269461430681	0.0103682130084039	0.0295853568989603	0.0189341149676077	0.000956215244419467	0.00346365256038887	-0.00795854949093109
0.0184733501914663	0.045981379731681	0.0474818162776371	0.0279086201426731	2.29800912749072	0.0497277040693224	0.00371186543793312	0.00401650043063148	0.00436974764011217	0.00391718938071099	0.010121965137195	0.00520288126412485	9.56739011417079e-05	-0.0050234374023353	-0.0092002897190825
0.0780794810305888	0.192810483954427	0.19720856830378	0.114560698092	0.0497277040693224	2.55444926971972	0.0143511604959176	0.0149664251873006	0.0153829532905742	0.0124874942199222	0.0259165059331049	0.0048505886017112	-0.00129292360237846	-0.0541104672805964	-0.0665922007802593
0.00615937417215829	0.0150653812024448	0.0152290948130618	0.00871690151143121	0.00371186543793312	0.0143511604959175	2.4295774524896	0.000991179856688287	0.000922553321064246	0.000601503191648274	0.00045454616714739	-0.00123317538167169	-0.000262001740670412	-0.0073680772796293	-0.00786511992686686
0.00715971674597342	0.0173076541539818	0.017238931784851	0.00967978536543459	0.00401650043063149	0.0149664251873006	0.000991179856688289	2.50088432926169	0.000661095019648899	0.000156945641519612	-0.00171916743982592	-0.00371762801477619	-0.000530746131682775	-0.0129463077451527	-0.0128348010773561
0.00858087163380856	0.0204386379190862	0.0199706141384639	0.0109269461430681	0.00436974764011216	0.0153829532905742	0.000922553321064246	0.000661095019648893	2.57160852177613	-0.000619251286758023	-0.00540675566767437	-0.00785644498946838	-0.000972872824960256	-0.0220397772160168	-0.0208798808963119
0.00883775008724573	0.0206504532910552	0.0196616999969146	0.0103682130084039	0.00391718938071099	0.0124874942199222	0.000601503191648277	0.000156945641519608	-0.000619251286758027	2.64115857831296	-0.00996537063386872	-0.0125600647617836	-0.00144448792625736	-0.0312710630329645	-0.0287280473699477
0.0284232703185413	0.06471633636908	0.0593855609908418	0.0295853568989603	0.010121965137195	0.0259165059331048	0.000454546167147401	-0.00171916743982591	-0.00540675566767435	-0.00996537063386873	2.66357333928428	-0.0593614378857565	-0.00652385125752748	-0.136954222254407	-0.123052153611928
0.0220615645556998	0.0484118467981936	0.0419692969003135	0.0189341149676076	0.00520288126412487	0.0048505886017111	-0.00123317538167169	-0.00371762801477619	-0.00785644498946838	-0.0125600647617836	-0.0593614378857565	2.71931361364187	-0.00707643888223577	-0.145290248023346	-0.128366296009371
0.0016214576519814	0.00336150727945447	0.00263895185085444	0.000956215244419464	9.56739011417056e-05	-0.00129292360237846	-0.000262001740670412	-0.000530746131682776	-0.000972872824960257	-0.00144448792625736	-0.00652385125752749	-0.00707643888223578	2.85640528012707	-0.0148912046310808	-0.0129846210547235
0.0221777307532804	0.0416354170325698	0.0262525328111222	0.00346365256038896	-0.00502343740233533	-0.0541104672805965	-0.00736807727962929	-0.0129463077451527	-0.0220397772160168	-0.0312710630329645	-0.136954222254407	-0.145290248023346	-0.0148912046310808	2.63185800702104	-0.256000078491328
0.0120209297068122	0.0181256984529536	0.00416142389096839	-0.00795854949093113	-0.00920028971908249	-0.0665922007802593	-0.00786511992686688	-0.0128348010773561	-0.0208798808963119	-0.0287280473699477	-0.123052153611928	-0.128366296009371	-0.0129846210547235	-0.256000078491328	2.78103953368655
1.4651491061489
1.89072174472614
0.426524109111434
6.35197916859882
2.8186685588043
5.3859667804534
6.95163039444332
4.9911601348259
5.35801055751113
4.45183165296042
1.2393227759807
4.90357293468018
8.52998155340816
8.73927405861733
2.70294332292698
4.39137390524246
7.34639929586321
4.20059632266158
15.8144610615336
7.11349562142526
14.8935676637612
16.9958547075097
12.5247072202432
13.7073996080792
11.5269787720551
1.89143350828563
11.7614037189236
24.1501875031451
20.765057549474
3.64703054184257
2.05224377884542	0.0680340456071271	0.0871214798673277	0.00310683132853544	0.0942369407763815	0.0562591140214302	0.0763396462425955	0.0271776753041861	0.0298247095490433	0.00301632354143021	0.00785558268253009	0.0219379781242669	0.00722603340966856	0.00951125165499509	-7.92199770831763e-05
0.0680340456071271	2.15949628776961	0.111984741200922	0.00396011357375266	0.118903217339703	0.0700967207394202	0.0936077289338385	0.0326334533601742	0.0347970430081099	0.00337501792540543	0.00822365750813442	0.0203096923159691	0.00491302551994499	-0.000845108407032639	-0.00197695300911638
0.0871214798673278	0.111984741200922	2.28406450013123	0.00494297685972088	0.146557121938968	0.0850291379021354	0.111191335456557	0.0376649729911741	0.0385166945068577	0.00349519333508333	0.0075314789880509	0.0136603210933453	-0.000431849357996019	-0.020863278963538	-0.00533300622583614
0.00310683132853544	0.00396011357375266	0.00494297685972088	2.21445657893333	0.00498571350101383	0.00283254833646076	0.00359911636644975	0.00116921571966968	0.00111865056157588	8.97711468990024e-05	0.00014206534448628	-3.36739825343155e-05	-0.000298987297412287	-0.00157836930121809	-0.00030834316068446
0.0942369407763815	0.118903217339703	0.146557121938968	0.00498571350101383	2.42817384123001	0.0786424408521345	0.0958313456144025	0.0291269355070371	0.024644200171495	0.00145244389748222	-0.000300383750756064	-0.0199972213620911	-0.0194014196939984	-0.0782754489416074	-0.0136579923769451
0.0562591140214302	0.0700967207394202	0.0850291379021354	0.00283254833646076	0.0786424408521346	2.39877746005433	0.0474671852784846	0.012758535359487	0.00792798947463188	-6.10623336555635e-05	-0.00354680532928222	-0.0258009781965935	-0.0191309350338453	-0.068938821986989	-0.0112989740049115
0.0763396462425956	0.0936077289338386	0.111191335456557	0.00359911636644976	0.0958313456144025	0.0474671852784846	2.47642922150984	0.00944718278455029	-0.000767167605617622	-0.00165953904153221	-0.0105331199367708	-0.0585587796495747	-0.0387817718516925	-0.131271111002665	-0.020674684695255
0.0271776753041862	0.0326334533601742	0.0376649729911741	0.00116921571966968	0.0291269355070371	0.0127585353594871	0.00944718278455041	2.49975628757863	-0.00555843443394174	-0.0013138788029041	-0.00637325111170856	-0.0316469326660187	-0.0196870708955635	-0.0640349687002905	-0.0098105906766215
0.0298247095490433	0.0347970430081099	0.0385166945068577	0.00111865056157588	0.024644200171495	0.00792798947463184	-0.000767167605617606	-0.00555843443394175	2.55757591985262	-0.0025024873951046	-0.0108420954750835	-0.0505705494885601	-0.0302302499079607	-0.0956502378482302	-0.0143602226911498
0.00301632354143021	0.00337501792540543	0.00349519333508333	8.9771146899002e-05	0.00145244389748222	-6.10623336555599e-05	-0.0016595390415322	-0.0013138788029041	-0.0025024873951046	2.64245336128859	-0.00164324255057562	-0.00736513480159786	-0.00428285119487434	-0.0132792781588824	-0.00196296099153558
0.00785558268253009	0.00822365750813442	0.00753147898805093	0.000142065344486279	-0.000300383750756038	-0.00354680532928219	-0.0105331199367708	-0.00637325111170857	-0.0108420954750835	-0.00164324255057562	2.70785955574212	-0.0280181002244089	-0.0159657062939764	-0.048740692933721	-0.00711713185941171
0.0219379781242669	0.0203096923159691	0.0136603210933454	-3.36739825343167e-05	-0.0199972213620911	-0.0258009781965935	-0.0585587796495747	-0.0316469326660188	-0.0505705494885602	-0.00736513480159786	-0.0280181002244089	2.6660063067243	-0.0671637027169875	-0.202541632394499	-0.0292829351992091
0.00722603340966854	0.004913025519945	-0.000431849357996007	-0.000298987297412287	-0.0194014196939984	-0.0191309350338453	-0.0387817718516925	-0.0196870708955635	-0.0302302499079607	-0.00428285119487434	-0.0159657062939764	-0.0671637027169876	2.81991892272646	-0.11114474586961	-0.015937639171305
0.00951125165499516	-0.000845108407032589	-0.020863278963538	-0.00157836930121809	-0.0782754489416074	-0.068938821986989	-0.131271111002665	-0.0640349687002905	-0.0956502378482303	-0.0132792781588824	-0.048740692933721	-0.202541632394499	-0.11114474586961	2.59942408650816	-0.0468736611686116
-7.92199770831729e-05	-0.00197695300911638	-0.00533300622583614	-0.00030834316068446	-0.0136579923769451	-0.0112989740049115	-0.020674684695255	-0.00981059067662151	-0.0143602226911498	-0.00196296099153558	-0.00711713185941171	-0.0292829351992091	-0.015937639171305	-0.0468736611686116	2.99336389110535
7.3784165379759
0.634045006928182
8.60440563038232
9.34405118961213
9.84398312240972
8.58938816683866
7.85558989265031
5.13377418587575
1.77602460505865
3.98589496735843
1.33931250987971
0.308895487449515
9.39141706069548
3.01306064586392
2.95533834475356
18.2927965907722
5.67750476072403
23.6668837567886
20.8616957451312
27.1436278510673
22.6145491913115
21.6053539560331
13.4196951509214
4.74777635446621
10.4868866988427
3.25479982320917
-1.40973221291441
25.2770466648928
3.45197810528193
8.00870315192537
2.01174361920643	0.0127682296242572	0.0501132615869638	0.0335136881753467	0.0205554140169072	0.0347839023192066	0.00336908892085155	0.0198675033988926	0.0153916956925536	0.00851883595927428	0.00173484793078332	0.00219496802127306	-0.000620228157134105	-0.00104764565793101	-0.00288166686109669
0.0127682296242572	2.08518818155527	0.0534231343671253	0.0352485905366576	0.0212491107817498	0.0351422027224437	0.00329678587213351	0.0185381166900528	0.0132778238623007	0.00629441219745384	0.000805222892447169	-0.00146889165202394	-0.0027866451209247	-0.00216232356445898	-0.00487987206725489
0.0501132615869638	0.0534231343671253	2.34749945639419	0.132709749340155	0.0781876172870303	0.125243093895116	0.0112036516459685	0.0582441869595854	0.0357312630754151	0.0106403624447651	-0.00196256576887256	-0.0240362376874369	-0.0209476095142042	-0.0133361934443956	-0.0274309529827113
0.0335136881753467	0.0352485905366576	0.132709749340155	2.29839546881781	0.0479964487461063	0.0733109694899613	0.00606307431533327	0.0269973024143965	0.0104038942496205	-0.00446694748452949	-0.00553155539260553	-0.0311218649309025	-0.0222531755328559	-0.0129125098102191	-0.025162358291631
0.0205554140169072	0.0212491107817498	0.0781876172870303	0.0479964487461062	2.31183084097054	0.0368802511887956	0.00261247587448711	0.00730734387216115	-0.00406014895829504	-0.0117037626519443	-0.00665791125898614	-0.0307336931285266	-0.02002914380577	-0.0110106440677857	-0.0207094103282881
0.0347839023192066	0.0351422027224436	0.125243093895116	0.0733109694899613	0.0368802511887957	2.40175019821287	0.00198492696485989	-0.00800495053215364	-0.0298613677325263	-0.0395429724157495	-0.0184561116474016	-0.0776494190886014	-0.047942150773584	-0.0254379543854651	-0.0466622576923315
0.00336908892085155	0.00329678587213351	0.0112036516459685	0.00606307431533328	0.00261247587448711	0.00198492696485989	2.42844408131565	-0.00344804029657908	-0.00590880221851926	-0.00641974045048625	-0.00273092404230649	-0.0108852721453749	-0.00648683610913697	-0.00335680528708768	-0.00604390451907287
0.0198675033988926	0.0185381166900528	0.0582441869595854	0.0269973024143965	0.00730734387216121	-0.00800495053215354	-0.00344804029657907	2.45711245842326	-0.0602999112929554	-0.0597112198907431	-0.0240646618243496	-0.0925814045839538	-0.0538078889442319	-0.027330467422937	-0.0485042385124024
0.0153916956925536	0.0132778238623007	0.0357312630754151	0.0104038942496204	-0.00406014895829504	-0.0298613677325264	-0.00590880221851927	-0.0602999112929554	2.49415634094809	-0.0724927186690073	-0.0281989240745251	-0.105804732778336	-0.0603580448859372	-0.0302188168592419	-0.0530181390280415
0.00851883595927426	0.00629441219745382	0.0106403624447651	-0.00446694748452952	-0.0117037626519444	-0.0395429724157496	-0.00641974045048624	-0.0597112198907431	-0.0724927186690073	2.57721546735964	-0.0249026957701125	-0.09171213425814	-0.0515701098382285	-0.0255243529189963	-0.0443645902240028
0.00173484793078331	0.000805222892447167	-0.00196256576887258	-0.00553155539260555	-0.00665791125898614	-0.0184561116474017	-0.0027309240423065	-0.0240646618243496	-0.0281989240745252	-0.0249026957701125	2.70501269957439	-0.0336622059868225	-0.018712345216027	-0.00917528612003043	-0.015824243035754
0.00219496802127304	-0.00146889165202394	-0.0240362376874371	-0.0311218649309025	-0.0307336931285266	-0.0776494190886015	-0.0108852721453749	-0.0925814045839539	-0.105804732778336	-0.0917121342581401	-0.0336622059868225	2.66491104383863	-0.0665271544024382	-0.0323677072415354	-0.0554578639419671
-0.000620228157134106	-0.0027866451209247	-0.0209476095142042	-0.0222531755328559	-0.02002914380577	-0.047942150773584	-0.00648683610913697	-0.0538078889442319	-0.0603580448859371	-0.0515701098382286	-0.018712345216027	-0.0665271544024382	2.82078980321927	-0.0175712137840801	-0.0299373239528185
-0.00104764565793101	-0.00216232356445898	-0.0133361934443956	-0.0129125098102191	-0.0110106440677857	-0.0254379543854651	-0.00335680528708768	-0.027330467422937	-0.0302188168592419	-0.0255243529189963	-0.00917528612003043	-0.0323677072415354	-0.0175712137840801	2.92012598161927	-0.0143193288178013
-0.00288166686109669	-0.00487987206725488	-0.0274309529827113	-0.025162358291631	-0.0207094103282881	-0.0466622576923316	-0.00604390451907287	-0.0485042385124024	-0.0530181390280414	-0.0443645902240028	-0.015824243035754	-0.055457863941967	-0.0299373239528185	-0.0143193288178013	2.97582435854469
9.88417928784981
5.39982099037929
7.06917419322763
9.99491620097705
2.87849344815137
4.14522538893108
4.64839941625137
7.63957078491957
8.18204038907671
1.00221540195492
1.78116953886766
3.5963491348208
0.567046890682912
5.21885673661279
3.35848974676925
21.1433623117034
12.5614419667433
19.9858479311719
24.9028450277886
7.92008211275195
11.2489594036652
11.3284007672528
18.4560745686278
19.4907099819168
0.769302137419944
3.98982858336211
6.53804196824913
-0.500132926411431
14.1691797949359
8.04475155510298
2.00221314872382	0.0099684072396252	0.00144511210678759	0.0146226126837224	0.0203185564566142	0.0154224762401461	0.00199490706241031	0.00161288898552397	0.0137570210854403	0.0139875552173317	0.00704968524438504	0.00119644311580792	0.00719673554633808	0.00218698790828828	0.00124122627970276
0.0099684072396252	2.11612521998092	0.00644600270608571	0.0648317834396857	0.0894473646111269	0.0673200117060083	0.00861867327022302	0.00687985123908485	0.0577360884163557	0.0574632983035391	0.0281235824740609	0.0045725645248077	0.0256771616186705	0.00686197317943745	0.0027922468625238
